# nucleation.lammpstrj nframes 148 last 148 stride 1
# frame nop chill_cubic chill_hex chill_interfacial chill_clathrate chill_interclathrate chill_water chill_ice chill_max chill_clus cut_ice cut_max cut_clus seed_ih seed_ic seed_both seed_ice seed_max seed_clus
1 4096 48 67 273 49 305 3354 115 62 47 346 197 12 141 98 41 280 191 6
2 4096 53 65 269 39 324 3346 118 67 48 362 212 11 139 106 42 287 202 7
3 4096 44 74 262 45 324 3347 118 71 45 438 174 15 118 126 47 291 192 6
4 4096 59 69 261 34 361 3312 128 77 47 360 274 8 103 160 45 308 268 4
5 4096 57 67 295 34 335 3308 124 65 51 419 236 13 100 185 51 336 272 5
6 4096 55 65 251 43 348 3334 120 82 34 350 246 7 112 132 71 315 234 5
7 4096 59 68 277 42 321 3329 127 81 40 405 309 9 182 105 73 360 287 4
8 4096 58 74 218 46 302 3398 132 80 49 297 237 6 144 111 65 320 282 4
9 4096 59 63 255 41 373 3305 122 84 39 308 248 6 139 106 70 315 279 4
10 4096 57 61 243 61 316 3358 118 83 34 413 277 11 179 124 91 394 308 6
11 4096 52 74 266 48 371 3285 126 78 45 457 267 11 159 143 73 375 245 8
12 4096 54 71 240 57 356 3318 125 84 37 394 242 11 146 133 75 354 290 5
13 4096 50 72 238 37 370 3329 122 87 33 335 241 7 105 97 75 277 251 3
14 4096 62 81 212 51 367 3323 143 102 39 338 240 9 141 76 66 283 247 4
15 4096 58 73 253 44 373 3295 131 88 39 390 270 9 139 124 63 326 265 5
16 4096 60 80 231 67 384 3274 140 98 39 412 280 12 136 113 69 318 264 4
17 4096 65 85 285 44 382 3235 150 98 51 455 288 14 224 103 89 416 301 9
18 4096 64 92 275 49 390 3226 156 108 43 447 335 7 177 110 80 367 305 4
19 4096 56 86 275 65 370 3244 142 100 42 391 287 8 131 93 86 310 264 4
20 4096 59 97 271 39 347 3283 156 99 44 384 295 6 184 83 84 351 298 3
21 4096 59 79 257 36 340 3325 138 97 35 426 272 11 153 110 76 339 279 5
22 4096 66 79 264 46 345 3296 145 94 39 411 305 6 179 108 85 372 285 7
23 4096 71 107 313 44 364 3197 178 110 56 439 290 9 136 178 100 414 293 8
24 4096 64 91 282 58 375 3226 155 104 38 438 284 12 105 148 96 349 271 4
25 4096 62 98 311 47 343 3235 160 99 50 423 271 9 227 85 87 399 279 7
26 4096 61 99 278 38 352 3268 160 107 49 470 283 11 204 88 93 385 270 6
27 4096 63 90 263 52 351 3277 153 114 33 386 249 8 156 110 97 363 262 7
28 4096 60 79 280 59 370 3248 139 98 36 383 263 8 152 107 85 344 249 6
29 4096 55 87 256 45 367 3286 142 94 45 375 267 9 146 95 87 328 278 4
30 4096 61 96 277 47 368 3247 157 102 48 441 289 11 210 98 90 398 312 5
31 4096 63 101 281 39 336 3276 164 101 51 440 295 9 252 91 96 439 304 7
32 4096 61 92 286 26 331 3300 153 102 45 451 293 13 233 76 87 396 290 7
33 4096 61 99 261 59 343 3273 160 102 50 411 307 8 159 62 87 308 272 3
34 4096 51 87 261 45 337 3315 138 98 39 388 272 10 145 58 91 294 270 3
35 4096 59 91 285 51 372 3238 150 103 41 429 276 10 194 79 97 370 293 5
36 4096 61 93 272 36 328 3306 154 102 45 413 253 11 203 90 84 377 275 7
37 4096 62 93 266 48 342 3285 155 105 42 388 276 7 168 76 86 330 272 4
38 4096 58 83 254 36 353 3312 141 94 40 386 276 10 130 84 95 309 267 3
39 4096 68 76 245 47 377 3283 144 106 35 439 299 10 169 109 102 380 296 6
40 4096 63 85 287 43 374 3244 148 105 38 446 314 8 161 79 95 335 301 3
41 4096 67 84 239 45 358 3303 151 104 42 374 288 8 160 76 104 340 328 2
42 4096 73 87 240 33 356 3307 160 117 42 431 283 12 169 114 103 386 298 6
43 4096 71 88 243 60 366 3268 159 116 37 399 325 7 147 95 104 346 308 4
44 4096 75 85 214 45 381 3296 160 121 38 459 303 10 243 107 111 461 327 9
45 4096 73 92 227 43 412 3249 165 123 36 446 340 7 162 140 114 416 334 5
46 4096 78 87 247 50 386 3248 165 128 29 487 415 5 149 160 131 440 398 3
47 4096 86 96 265 44 377 3228 182 138 43 530 382 13 195 155 136 486 386 7
48 4096 84 87 237 41 370 3277 171 137 32 455 341 10 129 158 124 411 353 4
49 4096 75 87 228 51 362 3293 162 133 27 477 325 9 146 132 120 398 338 5
50 4096 84 91 238 53 385 3245 175 141 34 451 343 8 122 149 131 402 364 3
51 4096 70 99 221 56 376 3274 169 129 34 479 333 9 126 140 121 387 341 4
52 4096 66 104 257 56 341 3272 170 131 38 397 337 5 165 112 108 385 323 5
53 4096 74 117 252 47 333 3273 191 149 38 562 362 13 180 108 131 419 357 5
54 4096 67 91 275 48 347 3268 158 125 31 485 341 11 197 115 108 420 314 8
55 4096 71 105 273 40 348 3259 176 127 43 475 357 10 191 109 107 407 333 6
56 4096 70 104 271 46 365 3240 174 129 39 521 403 7 202 103 138 443 381 3
57 4096 72 104 236 45 343 3296 176 135 39 496 409 8 173 116 132 421 367 4
58 4096 77 104 317 39 338 3221 181 134 42 515 349 12 178 113 114 405 357 4
59 4096 80 110 286 45 329 3246 190 142 41 501 348 11 185 143 113 441 349 6
60 4096 83 109 275 47 370 3212 192 143 43 523 377 8 151 172 135 458 378 4
61 4096 87 111 258 39 379 3222 198 153 36 454 356 7 136 153 139 428 381 3
62 4096 80 106 280 49 376 3205 186 150 34 535 397 11 138 205 137 480 382 7
63 4096 85 122 284 46 349 3210 207 154 45 512 388 9 181 137 153 471 405 4
64 4096 92 107 273 56 359 3209 199 152 46 519 403 8 147 178 148 473 399 4
65 4096 89 110 270 41 351 3235 199 145 44 544 422 10 164 145 143 452 398 4
66 4096 87 111 294 51 372 3181 198 155 35 552 458 8 188 164 165 517 440 4
67 4096 85 110 300 52 316 3233 195 152 32 568 428 10 212 144 161 517 445 4
68 4096 98 130 319 36 347 3166 228 170 52 604 486 9 277 154 157 588 466 7
69 4096 104 117 271 58 358 3188 221 171 42 578 473 7 218 176 181 575 463 5
70 4096 97 130 312 35 370 3152 227 175 39 597 495 7 162 216 200 578 488 5
71 4096 101 125 325 54 333 3158 226 160 55 584 440 8 168 205 174 547 463 6
72 4096 96 139 318 34 319 3190 235 174 53 606 434 13 166 144 190 500 420 5
73 4096 89 124 345 41 340 3157 213 174 33 615 450 11 157 149 187 493 461 3
74 4096 96 118 319 41 338 3184 214 146 45 551 426 8 136 205 179 520 432 5
75 4096 109 138 315 44 366 3124 247 178 60 608 445 9 203 181 169 553 426 7
76 4096 99 120 296 40 361 3180 219 164 38 615 459 9 217 153 176 546 450 5
77 4096 106 139 307 52 329 3163 245 192 49 599 489 9 201 166 192 559 501 5
78 4096 114 135 325 52 346 3124 249 184 57 609 483 9 211 170 204 585 517 4
79 4096 96 129 296 38 341 3196 225 177 41 578 448 8 203 143 180 526 468 4
80 4096 103 135 356 48 343 3111 238 178 47 567 457 6 198 191 203 592 478 7
81 4096 93 126 283 51 332 3211 219 164 39 522 432 7 186 150 182 518 430 4
82 4096 94 133 289 40 373 3167 227 186 36 565 417 11 174 141 169 484 416 6
83 4096 103 129 292 43 346 3183 232 174 54 643 495 9 214 125 171 510 460 5
84 4096 110 129 269 44 330 3214 239 197 40 597 518 5 268 130 174 572 527 4
85 4096 113 130 310 55 309 3179 243 191 46 572 452 9 180 149 173 502 466 2
86 4096 114 134 312 39 327 3170 248 193 49 611 442 7 239 134 165 538 454 5
87 4096 108 143 346 47 323 3129 251 191 49 684 482 11 317 120 187 624 478 9
88 4096 105 135 337 36 307 3176 240 186 41 572 444 11 242 115 177 534 452 6
89 4096 109 136 351 34 358 3108 245 191 51 598 472 8 242 109 166 517 483 3
90 4096 106 140 313 47 345 3145 246 191 40 619 466 6 195 173 198 566 454 4
91 4096 113 144 346 48 321 3124 257 209 42 632 461 11 231 146 208 585 487 7
92 4096 112 136 301 44 348 3155 248 197 41 614 488 10 187 164 202 553 479 4
93 4096 129 149 313 43 349 3113 278 220 44 671 566 8 195 195 212 602 512 4
94 4096 127 141 345 33 323 3127 268 222 42 630 491 10 182 195 199 576 487 5
95 4096 121 137 317 45 338 3138 258 210 43 618 524 8 126 251 212 589 531 5
96 4096 124 151 330 45 342 3104 275 229 39 695 513 12 180 195 217 592 524 5
97 4096 120 162 330 40 310 3134 282 241 33 653 529 8 204 178 235 617 529 6
98 4096 124 159 312 42 299 3160 283 244 39 697 520 13 172 155 224 551 513 4
99 4096 127 163 322 40 308 3136 290 253 37 736 549 14 224 168 242 634 564 3
100 4096 124 167 321 43 312 3129 291 242 43 740 539 13 258 190 226 674 548 8
101 4096 124 155 327 52 355 3083 279 240 38 691 513 12 178 156 224 558 508 4
102 4096 144 169 331 46 321 3085 313 258 44 645 556 6 176 201 221 598 526 6
103 4096 149 150 315 30 300 3152 299 255 31 634 556 6 170 168 231 569 547 2
104 4096 150 156 309 37 278 3166 306 264 36 675 589 6 200 223 235 658 570 7
105 4096 143 167 375 61 319 3031 310 255 44 719 539 12 208 212 231 651 561 7
106 4096 131 168 375 53 327 3042 299 238 55 718 588 11 239 194 209 642 604 4
107 4096 143 157 393 31 296 3076 300 244 52 735 589 11 225 256 216 697 591 7
108 4096 155 165 407 36 271 3062 320 259 53 718 564 10 198 263 234 695 577 6
109 4096 171 181 369 40 300 3035 352 296 50 783 623 12 159 283 237 679 591 7
110 4096 153 157 357 43 324 3062 310 265 40 709 589 9 148 233 241 622 584 4
111 4096 160 163 383 38 328 3024 323 278 37 691 619 7 176 244 233 653 583 6
112 4096 163 166 371 42 343 3011 329 274 48 700 607 7 156 226 256 638 614 3
113 4096 163 165 359 43 328 3038 328 280 43 681 599 6 190 280 227 697 590 8
114 4096 163 183 343 34 336 3037 346 288 54 788 641 12 179 227 252 658 604 5
115 4096 159 181 375 46 295 3040 340 288 51 840 691 9 201 236 263 700 658 4
116 4096 184 174 354 37 312 3035 358 301 49 797 723 6 206 262 270 738 690 4
117 4096 171 163 387 41 357 2977 334 293 35 716 664 4 153 289 264 706 626 5
118 4096 188 172 373 43 319 3001 360 286 58 837 665 11 201 333 284 818 708 6
119 4096 198 188 393 35 310 2972 386 319 53 812 706 7 204 319 302 825 751 4
120 4096 201 171 414 29 337 2944 372 322 36 786 685 5 211 312 303 826 746 3
121 4096 200 174 392 35 331 2964 374 314 48 794 662 6 172 321 284 777 680 4
122 4096 199 173 428 40 326 2930 372 318 43 872 708 7 180 357 313 850 735 5
123 4096 199 190 391 43 322 2951 389 336 42 821 703 8 145 335 284 764 693 5
124 4096 202 184 399 42 296 2973 386 326 48 892 733 11 176 340 298 814 745 5
125 4096 194 203 402 40 319 2938 397 346 44 853 751 8 195 283 275 753 717 4
126 4096 200 192 415 53 318 2918 392 337 47 871 758 6 206 323 283 812 735 5
127 4096 216 196 396 50 304 2934 412 345 52 846 784 6 232 319 294 845 758 5
128 4096 229 201 388 36 324 2918 430 369 54 842 795 4 233 324 297 854 795 5
129 4096 210 202 405 49 314 2916 412 365 45 879 796 7 258 307 303 868 794 7
130 4096 234 205 423 27 335 2872 439 382 47 932 784 10 222 349 336 907 865 4
131 4096 224 215 431 43 319 2864 439 377 52 948 782 12 214 341 324 879 825 5
132 4096 218 209 433 45 311 2880 427 374 44 942 847 7 298 328 319 945 878 5
133 4096 215 213 421 42 340 2865 428 361 54 909 819 6 228 315 332 875 798 6
134 4096 235 213 437 37 282 2892 448 387 55 917 810 9 228 338 340 906 829 5
135 4096 241 207 426 30 290 2902 448 395 41 969 874 6 300 333 348 981 922 4
136 4096 246 214 402 27 305 2902 460 406 44 948 900 5 266 302 359 927 880 4
137 4096 252 221 410 52 345 2816 473 421 49 959 891 5 298 329 374 1001 946 3
138 4096 250 214 424 23 341 2844 464 411 49 959 899 6 205 355 347 907 883 3
139 4096 273 221 404 44 304 2850 494 437 50 1031 949 6 240 380 352 972 895 5
140 4096 260 227 451 32 307 2819 487 428 46 1037 909 9 227 402 353 982 902 7
141 4096 254 224 436 31 326 2825 478 409 61 991 905 6 248 393 379 1020 934 6
142 4096 265 247 449 35 298 2802 512 447 55 1141 1075 6 318 364 378 1060 1017 3
143 4096 275 236 410 44 343 2788 511 460 44 1059 993 6 308 316 381 1005 993 2
144 4096 257 235 414 43 326 2821 492 436 43 959 907 5 255 316 372 943 907 4
145 4096 261 217 422 49 312 2835 478 426 44 956 918 4 216 322 381 919 893 3
146 4096 265 217 389 33 313 2879 482 444 38 997 905 6 260 325 386 971 899 4
147 4096 266 215 415 47 315 2838 481 435 40 1061 892 9 245 385 363 993 887 7
148 4096 273 224 397 42 319 2841 497 454 34 987 895 7 255 335 377 967 891 5
